c This Formular is generated by mcnf
c
c    horn? no 
c    forced? no 
c    mixed sat? no 
c    clause length = 3 
c
p cnf ? ?
1100 1101 0
-1100 -1101 0
1102 1103 0
-1102 -1103 0
1104 1105 0
-1104 -1105 0
1106 1107 0
-1106 -1107 0
1108 1109 0
-1108 -1109 0
1110 1111 0
-1110 -1111 0
1112 1113 0
-1112 -1113 0
1114 1115 0
-1114 -1115 0
1116 1117 0
-1116 -1117 0
1118 1119 0
-1118 -1119 0
1120 1121 0
-1120 -1121 0
1122 1123 0
-1122 -1123 0
1124 1125 0
-1124 -1125 0
1126 1127 0
-1126 -1127 0
1644 1645 0
-1644 -1645 0
1646 1647 0
-1646 -1647 0
1648 1649 0
-1648 -1649 0
1650 1651 0
-1650 -1651 0
1652 1653 0
-1652 -1653 0
1654 1655 0
-1654 -1655 0
1656 1657 0
-1656 -1657 0
1658 1659 0
-1658 -1659 0
1660 1661 0
-1660 -1661 0
1662 1663 0
-1662 -1663 0
1664 1665 0
-1664 -1665 0
1666 1667 0
-1666 -1667 0
1668 1669 0
-1668 -1669 0
1670 1671 0
-1670 -1671 0
2188 2189 0
-2188 -2189 0
2190 2191 0
-2190 -2191 0
2192 2193 0
-2192 -2193 0
2194 2195 0
-2194 -2195 0
2196 2197 0
-2196 -2197 0
2198 2199 0
-2198 -2199 0
2200 2201 0
-2200 -2201 0
2202 2203 0
-2202 -2203 0
2204 2205 0
-2204 -2205 0
2206 2207 0
-2206 -2207 0
2208 2209 0
-2208 -2209 0
2210 2211 0
-2210 -2211 0
2212 2213 0
-2212 -2213 0
2214 2215 0
-2214 -2215 0
2732 2733 0
-2732 -2733 0
2734 2735 0
-2734 -2735 0
2736 2737 0
-2736 -2737 0
2738 2739 0
-2738 -2739 0
2740 2741 0
-2740 -2741 0
2742 2743 0
-2742 -2743 0
2744 2745 0
-2744 -2745 0
2746 2747 0
-2746 -2747 0
2748 2749 0
-2748 -2749 0
2750 2751 0
-2750 -2751 0
2752 2753 0
-2752 -2753 0
2754 2755 0
-2754 -2755 0
2756 2757 0
-2756 -2757 0
2758 2759 0
-2758 -2759 0
3276 3277 0
-3276 -3277 0
3278 3279 0
-3278 -3279 0
3280 3281 0
-3280 -3281 0
3282 3283 0
-3282 -3283 0
3284 3285 0
-3284 -3285 0
3286 3287 0
-3286 -3287 0
3288 3289 0
-3288 -3289 0
3290 3291 0
-3290 -3291 0
3292 3293 0
-3292 -3293 0
3294 3295 0
-3294 -3295 0
3296 3297 0
-3296 -3297 0
3298 3299 0
-3298 -3299 0
3300 3301 0
-3300 -3301 0
3302 3303 0
-3302 -3303 0
-1042 0
-1043 0
-1044 0
-1045 0
-1046 0
-1047 0
-1048 0
-1049 0
-1050 0
-1051 0
-1052 0
-1053 0
-1054 0
-1055 0
-1056 0
-1057 0
-1058 0
-1059 0
-1060 0
-1061 0
-1062 0
-1063 0
-1064 0
-1065 0
-1066 0
-1067 0
-1068 0
-1069 0
-1070 0
-1071 0
-1072 0
-1073 0
-1074 0
-1075 0
-1076 0
-1077 0
-1078 0
-1079 0
-1080 0
-1081 0
-1082 0
-1083 0
-1084 0
-1085 0
-1086 0
-1087 0
-1088 0
-1089 0
-1090 0
-1091 0
-1092 0
-1093 0
-1094 0
-1095 0
-1096 0
-1097 0
-1098 0
-1099 0
-1586 0
-1587 0
-1588 0
-1589 0
-1590 0
-1591 0
-1592 0
-1593 0
-1594 0
-1595 0
-1596 0
-1597 0
-1598 0
-1599 0
-1600 0
-1601 0
-1602 0
-1603 0
-1604 0
-1605 0
-1606 0
-1607 0
-1608 0
-1609 0
-1610 0
-1611 0
-1612 0
-1613 0
-1614 0
-1615 0
-1616 0
-1617 0
-1618 0
-1619 0
-1620 0
-1621 0
-1622 0
-1623 0
-1624 0
-1625 0
-1626 0
-1627 0
-1628 0
-1629 0
-1630 0
-1631 0
-1632 0
-1633 0
-1634 0
-1635 0
-1636 0
-1637 0
-1638 0
-1639 0
-1640 0
-1641 0
-1642 0
-1643 0
-2130 0
-2131 0
-2132 0
-2133 0
-2134 0
-2135 0
-2136 0
-2137 0
-2138 0
-2139 0
-2140 0
-2141 0
-2142 0
-2143 0
-2144 0
-2145 0
-2146 0
-2147 0
-2148 0
-2149 0
-2150 0
-2151 0
-2152 0
-2153 0
-2154 0
-2155 0
-2156 0
-2157 0
-2158 0
-2159 0
-2160 0
-2161 0
-2162 0
-2163 0
-2164 0
-2165 0
-2166 0
-2167 0
-2168 0
-2169 0
-2170 0
-2171 0
-2172 0
-2173 0
-2174 0
-2175 0
-2176 0
-2177 0
-2178 0
-2179 0
-2180 0
-2181 0
-2182 0
-2183 0
-2184 0
-2185 0
-2186 0
-2187 0
-2674 0
-2675 0
-2676 0
-2677 0
-2678 0
-2679 0
-2680 0
-2681 0
-2682 0
-2683 0
-2684 0
-2685 0
-2686 0
-2687 0
-2688 0
-2689 0
-2690 0
-2691 0
-2692 0
-2693 0
-2694 0
-2695 0
-2696 0
-2697 0
-2698 0
-2699 0
-2700 0
-2701 0
-2702 0
-2703 0
-2704 0
-2705 0
-2706 0
-2707 0
-2708 0
-2709 0
-2710 0
-2711 0
-2712 0
-2713 0
-2714 0
-2715 0
-2716 0
-2717 0
-2718 0
-2719 0
-2720 0
-2721 0
-2722 0
-2723 0
-2724 0
-2725 0
-2726 0
-2727 0
-2728 0
-2729 0
-2730 0
-2731 0
-3218 0
-3219 0
-3220 0
-3221 0
-3222 0
-3223 0
-3224 0
-3225 0
-3226 0
-3227 0
-3228 0
-3229 0
-3230 0
-3231 0
-3232 0
-3233 0
-3234 0
-3235 0
-3236 0
-3237 0
-3238 0
-3239 0
-3240 0
-3241 0
-3242 0
-3243 0
-3244 0
-3245 0
-3246 0
-3247 0
-3248 0
-3249 0
-3250 0
-3251 0
-3252 0
-3253 0
-3254 0
-3255 0
-3256 0
-3257 0
-3258 0
-3259 0
-3260 0
-3261 0
-3262 0
-3263 0
-3264 0
-3265 0
-3266 0
-3267 0
-3268 0
-3269 0
-3270 0
-3271 0
-3272 0
-3273 0
-3274 0
-3275 0
3055 -3304 0
3066 -3304 0
3304 -3055 -3066 0
3058 -3305 0
3304 -3305 0
3305 -3058 -3304 0
3050 -3306 0
3305 -3306 0
3306 -3050 -3305 0
3064 -3307 0
3306 -3307 0
3307 -3064 -3306 0
3054 -3308 0
3067 -3308 0
3308 -3054 -3067 0
3058 -3309 0
3308 -3309 0
3309 -3058 -3308 0
3050 -3310 0
3309 -3310 0
3310 -3050 -3309 0
3064 -3311 0
3310 -3311 0
3311 -3064 -3310 0
3054 -3312 0
3066 -3312 0
3312 -3054 -3066 0
3059 -3313 0
3312 -3313 0
3313 -3059 -3312 0
3050 -3314 0
3313 -3314 0
3314 -3050 -3313 0
3064 -3315 0
3314 -3315 0
3315 -3064 -3314 0
3058 -3316 0
3312 -3316 0
3316 -3058 -3312 0
3050 -3317 0
3316 -3317 0
3317 -3050 -3316 0
3065 -3318 0
3317 -3318 0
3318 -3065 -3317 0
3051 -3319 0
3316 -3319 0
3319 -3051 -3316 0
3064 -3320 0
3319 -3320 0
3320 -3064 -3319 0
-3318 -3321 0
-3320 -3321 0
3318 3320 3321 0
-3315 -3322 0
3321 -3322 0
3315 3322 -3321 0
-3311 -3323 0
3322 -3323 0
3311 3323 -3322 0
-3307 -3324 0
3323 -3324 0
3307 3324 -3323 0
-855 -3325 0
-857 -3325 0
855 857 3325 0
-859 -3326 0
3325 -3326 0
859 3326 -3325 0
-861 -3327 0
3326 -3327 0
861 3327 -3326 0
-863 -3328 0
3327 -3328 0
863 3328 -3327 0
-865 -3329 0
3328 -3329 0
865 3329 -3328 0
-867 -3330 0
3329 -3330 0
867 3330 -3329 0
-868 -3331 0
3330 -3331 0
868 3331 -3330 0
-871 -3332 0
3331 -3332 0
871 3332 -3331 0
-873 -3333 0
3332 -3333 0
873 3333 -3332 0
-2525 -3334 0
-2521 -3334 0
2525 2521 3334 0
3043 -3335 0
3249 -3335 0
3335 -3043 -3249 0
3045 -3336 0
3248 -3336 0
3336 -3045 -3248 0
-3335 -3337 0
-3336 -3337 0
3335 3336 3337 0
-2520 -3338 0
3337 -3338 0
2520 3338 -3337 0
-3334 -3339 0
-3338 -3339 0
3334 3338 3339 0
-3069 -3340 0
-3339 -3340 0
3069 3339 3340 0
2524 -3341 0
2520 -3341 0
3341 -2524 -2520 0
-3042 -3342 0
-3248 -3342 0
3042 3248 3342 0
-3044 -3343 0
-3249 -3343 0
3044 3249 3343 0
-3342 -3344 0
-3343 -3344 0
3342 3343 3344 0
2521 -3345 0
3344 -3345 0
3345 -2521 -3344 0
-3341 -3346 0
-3345 -3346 0
3341 3345 3346 0
-3068 -3347 0
3346 -3347 0
3068 3347 -3346 0
-3340 -3348 0
-3347 -3348 0
3340 3347 3348 0
3022 -3349 0
3024 -3349 0
3349 -3022 -3024 0
-2520 -3350 0
-3349 -3350 0
2520 3349 3350 0
2506 -3351 0
-3350 -3351 0
3350 3351 -2506 0
2523 -3352 0
3351 -3352 0
3352 -2523 -3351 0
-2520 -3353 0
-2507 -3353 0
2520 2507 3353 0
-2515 -3354 0
3353 -3354 0
2515 3354 -3353 0
-2523 -3355 0
3354 -3355 0
2523 3355 -3354 0
-2511 -3356 0
3355 -3356 0
2511 3356 -3355 0
-3352 -3357 0
3356 -3357 0
3352 3357 -3356 0
2521 -3358 0
2506 -3358 0
3358 -2521 -2506 0
2514 -3359 0
3358 -3359 0
3359 -2514 -3358 0
2522 -3360 0
3359 -3360 0
3360 -2522 -3359 0
2510 -3361 0
3360 -3361 0
3361 -2510 -3360 0
-3018 -3362 0
-2512 -3362 0
3018 2512 3362 0
3020 -3363 0
-3362 -3363 0
3362 3363 -3020 0
3293 -3364 0
3363 -3364 0
3364 -3293 -3363 0
2520 -3365 0
2507 -3365 0
3365 -2520 -2507 0
2514 -3366 0
3365 -3366 0
3366 -2514 -3365 0
2522 -3367 0
3366 -3367 0
3367 -2522 -3366 0
2510 -3368 0
3367 -3368 0
3368 -2510 -3367 0
3364 -3369 0
3368 -3369 0
3369 -3364 -3368 0
-2521 -3370 0
-2506 -3370 0
2521 2506 3370 0
-2515 -3371 0
3370 -3371 0
2515 3371 -3370 0
-2523 -3372 0
3371 -3372 0
2523 3372 -3371 0
-2511 -3373 0
3372 -3373 0
2511 3373 -3372 0
-3019 -3374 0
-2523 -3374 0
3019 2523 3374 0
3020 -3375 0
-3374 -3375 0
3374 3375 -3020 0
-2521 -3376 0
-2507 -3376 0
2521 2507 3376 0
-2514 -3377 0
3376 -3377 0
2514 3377 -3376 0
-2523 -3378 0
3377 -3378 0
2523 3378 -3377 0
-2511 -3379 0
3378 -3379 0
2511 3379 -3378 0
-3375 -3380 0
3379 -3380 0
3375 3380 -3379 0
3235 -3381 0
3238 -3381 0
3381 -3235 -3238 0
2523 -3382 0
3018 -3382 0
3382 -2523 -3018 0
3020 -3383 0
3382 -3383 0
3383 -3020 -3382 0
3239 -3384 0
3383 -3384 0
3384 -3239 -3383 0
-3381 -3385 0
-3384 -3385 0
3381 3384 3385 0
2520 -3386 0
2506 -3386 0
3386 -2520 -2506 0
2515 -3387 0
3386 -3387 0
3387 -2515 -3386 0
2522 -3388 0
3387 -3388 0
3388 -2522 -3387 0
2510 -3389 0
3388 -3389 0
3389 -2510 -3388 0
3385 -3390 0
-3389 -3390 0
3389 3390 -3385 0
-3380 -3391 0
-3390 -3391 0
3380 3390 3391 0
-3373 -3392 0
3391 -3392 0
3373 3392 -3391 0
-3369 -3393 0
-3392 -3393 0
3369 3392 3393 0
-3361 -3394 0
3393 -3394 0
3361 3394 -3393 0
-3357 -3395 0
-3394 -3395 0
3357 3394 3395 0
3017 -3396 0
3395 -3396 0
3396 -3017 -3395 0
-3067 -3397 0
-3396 -3397 0
3067 3396 3397 0
-3023 -3398 0
-3025 -3398 0
3023 3025 3398 0
2521 -3399 0
-3398 -3399 0
3398 3399 -2521 0
-2507 -3400 0
-3399 -3400 0
2507 3399 3400 0
-2522 -3401 0
3400 -3401 0
2522 3401 -3400 0
-3401 -3402 0
3361 -3402 0
3401 3402 -3361 0
3019 -3403 0
2513 -3403 0
3403 -3019 -2513 0
-3021 -3404 0
-3403 -3404 0
3021 3403 3404 0
-3292 -3405 0
3404 -3405 0
3292 3405 -3404 0
3405 -3406 0
3373 -3406 0
3406 -3405 -3373 0
3018 -3407 0
2522 -3407 0
3407 -3018 -2522 0
-3021 -3408 0
-3407 -3408 0
3021 3407 3408 0
-3408 -3409 0
3389 -3409 0
3408 3409 -3389 0
-3234 -3410 0
-3239 -3410 0
3234 3239 3410 0
-2522 -3411 0
-3019 -3411 0
2522 3019 3411 0
-3021 -3412 0
3411 -3412 0
3021 3412 -3411 0
-3238 -3413 0
3412 -3413 0
3238 3413 -3412 0
-3410 -3414 0
-3413 -3414 0
3410 3413 3414 0
3414 -3415 0
-3379 -3415 0
3379 3415 -3414 0
-3409 -3416 0
-3415 -3416 0
3409 3415 3416 0
-3368 -3417 0
3416 -3417 0
3368 3417 -3416 0
-3406 -3418 0
-3417 -3418 0
3406 3417 3418 0
-3356 -3419 0
3418 -3419 0
3356 3419 -3418 0
-3402 -3420 0
-3419 -3420 0
3402 3419 3420 0
-3016 -3421 0
3420 -3421 0
3016 3421 -3420 0
-3066 -3422 0
3421 -3422 0
3066 3422 -3421 0
-3397 -3423 0
-3422 -3423 0
3397 3422 3423 0
2521 -3424 0
3351 -3424 0
3424 -2521 -3351 0
-3424 -3425 0
3356 -3425 0
3424 3425 -3356 0
3299 -3426 0
3368 -3426 0
3426 -3299 -3368 0
3241 -3427 0
-3373 -3427 0
3373 3427 -3241 0
-3426 -3428 0
-3427 -3428 0
3426 3427 3428 0
-3361 -3429 0
3428 -3429 0
3361 3429 -3428 0
-3425 -3430 0
-3429 -3430 0
3425 3429 3430 0
-3016 -3431 0
-3430 -3431 0
3016 3430 3431 0
3064 -3432 0
-3431 -3432 0
3431 3432 -3064 0
-2520 -3433 0
3400 -3433 0
2520 3433 -3400 0
-3433 -3434 0
3361 -3434 0
3433 3434 -3361 0
-3298 -3435 0
3373 -3435 0
3298 3435 -3373 0
-3240 -3436 0
-3368 -3436 0
3240 3368 3436 0
-3435 -3437 0
-3436 -3437 0
3435 3436 3437 0
-3356 -3438 0
3437 -3438 0
3356 3438 -3437 0
-3434 -3439 0
-3438 -3439 0
3434 3438 3439 0
3017 -3440 0
-3439 -3440 0
3439 3440 -3017 0
3065 -3441 0
3440 -3441 0
3441 -3065 -3440 0
-3432 -3442 0
-3441 -3442 0
3432 3441 3442 0
-2519 -3443 0
-2521 -3443 0
2519 2521 3443 0
3035 -3444 0
3249 -3444 0
3444 -3035 -3249 0
3037 -3445 0
3248 -3445 0
3445 -3037 -3248 0
-3444 -3446 0
-3445 -3446 0
3444 3445 3446 0
-2520 -3447 0
3446 -3447 0
2520 3447 -3446 0
-3443 -3448 0
-3447 -3448 0
3443 3447 3448 0
-3063 -3449 0
-3448 -3449 0
3063 3448 3449 0
2518 -3450 0
2520 -3450 0
3450 -2518 -2520 0
-3034 -3451 0
-3248 -3451 0
3034 3248 3451 0
-3036 -3452 0
-3249 -3452 0
3036 3249 3452 0
-3451 -3453 0
-3452 -3453 0
3451 3452 3453 0
2521 -3454 0
3453 -3454 0
3454 -2521 -3453 0
-3450 -3455 0
-3454 -3455 0
3450 3454 3455 0
-3062 -3456 0
3455 -3456 0
3062 3456 -3455 0
-3449 -3457 0
-3456 -3457 0
3449 3456 3457 0
-2517 -3458 0
-2521 -3458 0
2517 2521 3458 0
3047 -3459 0
3249 -3459 0
3459 -3047 -3249 0
3049 -3460 0
3248 -3460 0
3460 -3049 -3248 0
-3459 -3461 0
-3460 -3461 0
3459 3460 3461 0
-2520 -3462 0
3461 -3462 0
2520 3462 -3461 0
-3458 -3463 0
-3462 -3463 0
3458 3462 3463 0
-3061 -3464 0
-3463 -3464 0
3061 3463 3464 0
2516 -3465 0
2520 -3465 0
3465 -2516 -2520 0
-3046 -3466 0
-3248 -3466 0
3046 3248 3466 0
-3048 -3467 0
-3249 -3467 0
3048 3249 3467 0
-3466 -3468 0
-3467 -3468 0
3466 3467 3468 0
2521 -3469 0
3468 -3469 0
3469 -2521 -3468 0
-3465 -3470 0
-3469 -3470 0
3465 3469 3470 0
-3060 -3471 0
3470 -3471 0
3060 3471 -3470 0
-3464 -3472 0
-3471 -3472 0
3464 3471 3472 0
2515 -3473 0
3351 -3473 0
3473 -2515 -3351 0
-3473 -3474 0
3356 -3474 0
3473 3474 -3356 0
3303 -3475 0
3368 -3475 0
3475 -3303 -3368 0
2515 -3476 0
3018 -3476 0
3476 -2515 -3018 0
3020 -3477 0
3476 -3477 0
3477 -3020 -3476 0
-3477 -3478 0
3379 -3478 0
3477 3478 -3379 0
3233 -3479 0
3238 -3479 0
3479 -3233 -3238 0
3239 -3480 0
3477 -3480 0
3480 -3239 -3477 0
-3479 -3481 0
-3480 -3481 0
3479 3480 3481 0
3481 -3482 0
-3389 -3482 0
3389 3482 -3481 0
-3478 -3483 0
-3482 -3483 0
3478 3482 3483 0
-3373 -3484 0
3483 -3484 0
3373 3484 -3483 0
-3475 -3485 0
-3484 -3485 0
3475 3484 3485 0
-3361 -3486 0
3485 -3486 0
3361 3486 -3485 0
-3474 -3487 0
-3486 -3487 0
3474 3486 3487 0
3017 -3488 0
3487 -3488 0
3488 -3017 -3487 0
-3059 -3489 0
-3488 -3489 0
3059 3488 3489 0
-2514 -3490 0
3400 -3490 0
2514 3490 -3400 0
-3490 -3491 0
3361 -3491 0
3490 3491 -3361 0
-3302 -3492 0
3373 -3492 0
3302 3492 -3373 0
-2514 -3493 0
-3019 -3493 0
2514 3019 3493 0
-3021 -3494 0
3493 -3494 0
3021 3494 -3493 0
-3494 -3495 0
3389 -3495 0
3494 3495 -3389 0
-3232 -3496 0
-3239 -3496 0
3232 3239 3496 0
-3238 -3497 0
3494 -3497 0
3238 3497 -3494 0
-3496 -3498 0
-3497 -3498 0
3496 3497 3498 0
3498 -3499 0
-3379 -3499 0
3379 3499 -3498 0
-3495 -3500 0
-3499 -3500 0
3495 3499 3500 0
-3368 -3501 0
3500 -3501 0
3368 3501 -3500 0
-3492 -3502 0
-3501 -3502 0
3492 3501 3502 0
-3356 -3503 0
3502 -3503 0
3356 3503 -3502 0
-3491 -3504 0
-3503 -3504 0
3491 3503 3504 0
-3016 -3505 0
3504 -3505 0
3016 3505 -3504 0
-3058 -3506 0
3505 -3506 0
3058 3506 -3505 0
-3489 -3507 0
-3506 -3507 0
3489 3506 3507 0
-2513 -3508 0
-2521 -3508 0
2513 2521 3508 0
3039 -3509 0
3249 -3509 0
3509 -3039 -3249 0
3041 -3510 0
3248 -3510 0
3510 -3041 -3248 0
-3509 -3511 0
-3510 -3511 0
3509 3510 3511 0
-2520 -3512 0
3511 -3512 0
2520 3512 -3511 0
-3508 -3513 0
-3512 -3513 0
3508 3512 3513 0
-3057 -3514 0
-3513 -3514 0
3057 3513 3514 0
2512 -3515 0
2520 -3515 0
3515 -2512 -2520 0
-3038 -3516 0
-3248 -3516 0
3038 3248 3516 0
-3040 -3517 0
-3249 -3517 0
3040 3249 3517 0
-3516 -3518 0
-3517 -3518 0
3516 3517 3518 0
2521 -3519 0
3518 -3519 0
3519 -2521 -3518 0
-3515 -3520 0
-3519 -3520 0
3515 3519 3520 0
-3056 -3521 0
3520 -3521 0
3056 3521 -3520 0
-3514 -3522 0
-3521 -3522 0
3514 3521 3522 0
3295 -3523 0
3363 -3523 0
3523 -3295 -3363 0
3523 -3524 0
3368 -3524 0
3524 -3523 -3368 0
-3019 -3525 0
-2511 -3525 0
3019 2511 3525 0
3020 -3526 0
-3525 -3526 0
3525 3526 -3020 0
-3526 -3527 0
3379 -3527 0
3526 3527 -3379 0
3237 -3528 0
3238 -3528 0
3528 -3237 -3238 0
3239 -3529 0
3526 -3529 0
3529 -3239 -3526 0
-3528 -3530 0
-3529 -3530 0
3528 3529 3530 0
3530 -3531 0
-3389 -3531 0
3389 3531 -3530 0
-3527 -3532 0
-3531 -3532 0
3527 3531 3532 0
-3373 -3533 0
3532 -3533 0
3373 3533 -3532 0
-3524 -3534 0
-3533 -3534 0
3524 3533 3534 0
-3356 -3535 0
-3534 -3535 0
3356 3534 3535 0
3017 -3536 0
3535 -3536 0
3536 -3017 -3535 0
-3055 -3537 0
-3536 -3537 0
3055 3536 3537 0
-3294 -3538 0
3404 -3538 0
3294 3538 -3404 0
3538 -3539 0
3373 -3539 0
3539 -3538 -3373 0
3018 -3540 0
2510 -3540 0
3540 -3018 -2510 0
-3021 -3541 0
-3540 -3541 0
3021 3540 3541 0
-3541 -3542 0
3389 -3542 0
3541 3542 -3389 0
-3236 -3543 0
-3239 -3543 0
3236 3239 3543 0
-3238 -3544 0
3541 -3544 0
3238 3544 -3541 0
-3543 -3545 0
-3544 -3545 0
3543 3544 3545 0
3545 -3546 0
-3379 -3546 0
3379 3546 -3545 0
-3542 -3547 0
-3546 -3547 0
3542 3546 3547 0
-3368 -3548 0
3547 -3548 0
3368 3548 -3547 0
-3539 -3549 0
-3548 -3549 0
3539 3548 3549 0
-3361 -3550 0
-3549 -3550 0
3361 3549 3550 0
-3016 -3551 0
3550 -3551 0
3016 3551 -3550 0
-3054 -3552 0
3551 -3552 0
3054 3552 -3551 0
-3537 -3553 0
-3552 -3553 0
3537 3552 3553 0
2509 -3554 0
2520 -3554 0
3554 -2509 -2520 0
3023 -3555 0
3024 -3555 0
3555 -3023 -3024 0
2521 -3556 0
3555 -3556 0
3556 -2521 -3555 0
-3554 -3557 0
-3556 -3557 0
3554 3556 3557 0
3017 -3558 0
-3557 -3558 0
3557 3558 -3017 0
-3053 -3559 0
-3558 -3559 0
3053 3558 3559 0
-2508 -3560 0
-2521 -3560 0
2508 2521 3560 0
-3022 -3561 0
-3025 -3561 0
3022 3025 3561 0
-2520 -3562 0
3561 -3562 0
2520 3562 -3561 0
-3560 -3563 0
-3562 -3563 0
3560 3562 3563 0
-3016 -3564 0
-3563 -3564 0
3016 3563 3564 0
-3052 -3565 0
3564 -3565 0
3052 3565 -3564 0
-3559 -3566 0
-3565 -3566 0
3559 3565 3566 0
3400 -3567 0
3356 -3567 0
3567 -3400 -3356 0
3301 -3568 0
3368 -3568 0
3568 -3301 -3368 0
2507 -3569 0
3018 -3569 0
3569 -2507 -3018 0
3020 -3570 0
3569 -3570 0
3570 -3020 -3569 0
-3570 -3571 0
3379 -3571 0
3570 3571 -3379 0
3231 -3572 0
3238 -3572 0
3572 -3231 -3238 0
3239 -3573 0
3570 -3573 0
3573 -3239 -3570 0
-3572 -3574 0
-3573 -3574 0
3572 3573 3574 0
3574 -3575 0
-3389 -3575 0
3389 3575 -3574 0
-3571 -3576 0
-3575 -3576 0
3571 3575 3576 0
-3373 -3577 0
3576 -3577 0
3373 3577 -3576 0
-3568 -3578 0
-3577 -3578 0
3568 3577 3578 0
-3361 -3579 0
3578 -3579 0
3361 3579 -3578 0
-3567 -3580 0
-3579 -3580 0
3567 3579 3580 0
3017 -3581 0
3580 -3581 0
3581 -3017 -3580 0
-3051 -3582 0
-3581 -3582 0
3051 3581 3582 0
3351 -3583 0
3361 -3583 0
3583 -3351 -3361 0
-3300 -3584 0
3373 -3584 0
3300 3584 -3373 0
-2506 -3585 0
-3019 -3585 0
2506 3019 3585 0
-3021 -3586 0
3585 -3586 0
3021 3586 -3585 0
-3586 -3587 0
3389 -3587 0
3586 3587 -3389 0
-3230 -3588 0
-3239 -3588 0
3230 3239 3588 0
-3238 -3589 0
3586 -3589 0
3238 3589 -3586 0
-3588 -3590 0
-3589 -3590 0
3588 3589 3590 0
3590 -3591 0
-3379 -3591 0
3379 3591 -3590 0
-3587 -3592 0
-3591 -3592 0
3587 3591 3592 0
-3368 -3593 0
3592 -3593 0
3368 3593 -3592 0
-3584 -3594 0
-3593 -3594 0
3584 3593 3594 0
-3356 -3595 0
3594 -3595 0
3356 3595 -3594 0
-3583 -3596 0
-3595 -3596 0
3583 3595 3596 0
-3016 -3597 0
3596 -3597 0
3016 3597 -3596 0
-3050 -3598 0
3597 -3598 0
3050 3598 -3597 0
-3582 -3599 0
-3598 -3599 0
3582 3598 3599 0
-3566 -3600 0
-3599 -3600 0
3566 3599 3600 0
-3553 -3601 0
3600 -3601 0
3553 3601 -3600 0
-3522 -3602 0
3601 -3602 0
3522 3602 -3601 0
-3507 -3603 0
3602 -3603 0
3507 3603 -3602 0
-3472 -3604 0
3603 -3604 0
3472 3604 -3603 0
-3457 -3605 0
3604 -3605 0
3457 3605 -3604 0
3442 -3606 0
3605 -3606 0
3606 -3442 -3605 0
-3423 -3607 0
3606 -3607 0
3423 3607 -3606 0
-3348 -3608 0
3607 -3608 0
3348 3608 -3607 0
-1981 -3609 0
-1977 -3609 0
1981 1977 3609 0
2499 -3610 0
2705 -3610 0
3610 -2499 -2705 0
2501 -3611 0
2704 -3611 0
3611 -2501 -2704 0
-3610 -3612 0
-3611 -3612 0
3610 3611 3612 0
-1976 -3613 0
3612 -3613 0
1976 3613 -3612 0
-3609 -3614 0
-3613 -3614 0
3609 3613 3614 0
-2525 -3615 0
-3614 -3615 0
2525 3614 3615 0
1980 -3616 0
1976 -3616 0
3616 -1980 -1976 0
-2498 -3617 0
-2704 -3617 0
2498 2704 3617 0
-2500 -3618 0
-2705 -3618 0
2500 2705 3618 0
-3617 -3619 0
-3618 -3619 0
3617 3618 3619 0
1977 -3620 0
3619 -3620 0
3620 -1977 -3619 0
-3616 -3621 0
-3620 -3621 0
3616 3620 3621 0
-2524 -3622 0
3621 -3622 0
2524 3622 -3621 0
-3615 -3623 0
-3622 -3623 0
3615 3622 3623 0
2478 -3624 0
2480 -3624 0
3624 -2478 -2480 0
-1976 -3625 0
-3624 -3625 0
1976 3624 3625 0
1962 -3626 0
-3625 -3626 0
3625 3626 -1962 0
1979 -3627 0
3626 -3627 0
3627 -1979 -3626 0
-1976 -3628 0
-1963 -3628 0
1976 1963 3628 0
-1971 -3629 0
3628 -3629 0
1971 3629 -3628 0
-1979 -3630 0
3629 -3630 0
1979 3630 -3629 0
-1967 -3631 0
3630 -3631 0
1967 3631 -3630 0
-3627 -3632 0
3631 -3632 0
3627 3632 -3631 0
1977 -3633 0
1962 -3633 0
3633 -1977 -1962 0
1970 -3634 0
3633 -3634 0
3634 -1970 -3633 0
1978 -3635 0
3634 -3635 0
3635 -1978 -3634 0
1966 -3636 0
3635 -3636 0
3636 -1966 -3635 0
-2474 -3637 0
-1968 -3637 0
2474 1968 3637 0
2476 -3638 0
-3637 -3638 0
3637 3638 -2476 0
2749 -3639 0
3638 -3639 0
3639 -2749 -3638 0
1976 -3640 0
1963 -3640 0
3640 -1976 -1963 0
1970 -3641 0
3640 -3641 0
3641 -1970 -3640 0
1978 -3642 0
3641 -3642 0
3642 -1978 -3641 0
1966 -3643 0
3642 -3643 0
3643 -1966 -3642 0
3639 -3644 0
3643 -3644 0
3644 -3639 -3643 0
-1977 -3645 0
-1962 -3645 0
1977 1962 3645 0
-1971 -3646 0
3645 -3646 0
1971 3646 -3645 0
-1979 -3647 0
3646 -3647 0
1979 3647 -3646 0
-1967 -3648 0
3647 -3648 0
1967 3648 -3647 0
-2475 -3649 0
-1979 -3649 0
2475 1979 3649 0
2476 -3650 0
-3649 -3650 0
3649 3650 -2476 0
-1977 -3651 0
-1963 -3651 0
1977 1963 3651 0
-1970 -3652 0
3651 -3652 0
1970 3652 -3651 0
-1979 -3653 0
3652 -3653 0
1979 3653 -3652 0
-1967 -3654 0
3653 -3654 0
1967 3654 -3653 0
-3650 -3655 0
3654 -3655 0
3650 3655 -3654 0
2691 -3656 0
2694 -3656 0
3656 -2691 -2694 0
1979 -3657 0
2474 -3657 0
3657 -1979 -2474 0
2476 -3658 0
3657 -3658 0
3658 -2476 -3657 0
2695 -3659 0
3658 -3659 0
3659 -2695 -3658 0
-3656 -3660 0
-3659 -3660 0
3656 3659 3660 0
1976 -3661 0
1962 -3661 0
3661 -1976 -1962 0
1971 -3662 0
3661 -3662 0
3662 -1971 -3661 0
1978 -3663 0
3662 -3663 0
3663 -1978 -3662 0
1966 -3664 0
3663 -3664 0
3664 -1966 -3663 0
3660 -3665 0
-3664 -3665 0
3664 3665 -3660 0
-3655 -3666 0
-3665 -3666 0
3655 3665 3666 0
-3648 -3667 0
3666 -3667 0
3648 3667 -3666 0
-3644 -3668 0
-3667 -3668 0
3644 3667 3668 0
-3636 -3669 0
3668 -3669 0
3636 3669 -3668 0
-3632 -3670 0
-3669 -3670 0
3632 3669 3670 0
2473 -3671 0
3670 -3671 0
3671 -2473 -3670 0
-2523 -3672 0
-3671 -3672 0
2523 3671 3672 0
-2479 -3673 0
-2481 -3673 0
2479 2481 3673 0
1977 -3674 0
-3673 -3674 0
3673 3674 -1977 0
-1963 -3675 0
-3674 -3675 0
1963 3674 3675 0
-1978 -3676 0
3675 -3676 0
1978 3676 -3675 0
-3676 -3677 0
3636 -3677 0
3676 3677 -3636 0
2475 -3678 0
1969 -3678 0
3678 -2475 -1969 0
-2477 -3679 0
-3678 -3679 0
2477 3678 3679 0
-2748 -3680 0
3679 -3680 0
2748 3680 -3679 0
3680 -3681 0
3648 -3681 0
3681 -3680 -3648 0
2474 -3682 0
1978 -3682 0
3682 -2474 -1978 0
-2477 -3683 0
-3682 -3683 0
2477 3682 3683 0
-3683 -3684 0
3664 -3684 0
3683 3684 -3664 0
-2690 -3685 0
-2695 -3685 0
2690 2695 3685 0
-1978 -3686 0
-2475 -3686 0
1978 2475 3686 0
-2477 -3687 0
3686 -3687 0
2477 3687 -3686 0
-2694 -3688 0
3687 -3688 0
2694 3688 -3687 0
-3685 -3689 0
-3688 -3689 0
3685 3688 3689 0
3689 -3690 0
-3654 -3690 0
3654 3690 -3689 0
-3684 -3691 0
-3690 -3691 0
3684 3690 3691 0
-3643 -3692 0
3691 -3692 0
3643 3692 -3691 0
-3681 -3693 0
-3692 -3693 0
3681 3692 3693 0
-3631 -3694 0
3693 -3694 0
3631 3694 -3693 0
-3677 -3695 0
-3694 -3695 0
3677 3694 3695 0
-2472 -3696 0
3695 -3696 0
2472 3696 -3695 0
-2522 -3697 0
3696 -3697 0
2522 3697 -3696 0
-3672 -3698 0
-3697 -3698 0
3672 3697 3698 0
1977 -3699 0
3626 -3699 0
3699 -1977 -3626 0
-3699 -3700 0
3631 -3700 0
3699 3700 -3631 0
2755 -3701 0
3643 -3701 0
3701 -2755 -3643 0
2697 -3702 0
-3648 -3702 0
3648 3702 -2697 0
-3701 -3703 0
-3702 -3703 0
3701 3702 3703 0
-3636 -3704 0
3703 -3704 0
3636 3704 -3703 0
-3700 -3705 0
-3704 -3705 0
3700 3704 3705 0
-2472 -3706 0
-3705 -3706 0
2472 3705 3706 0
2520 -3707 0
-3706 -3707 0
3706 3707 -2520 0
-1976 -3708 0
3675 -3708 0
1976 3708 -3675 0
-3708 -3709 0
3636 -3709 0
3708 3709 -3636 0
-2754 -3710 0
3648 -3710 0
2754 3710 -3648 0
-2696 -3711 0
-3643 -3711 0
2696 3643 3711 0
-3710 -3712 0
-3711 -3712 0
3710 3711 3712 0
-3631 -3713 0
3712 -3713 0
3631 3713 -3712 0
-3709 -3714 0
-3713 -3714 0
3709 3713 3714 0
2473 -3715 0
-3714 -3715 0
3714 3715 -2473 0
2521 -3716 0
3715 -3716 0
3716 -2521 -3715 0
-3707 -3717 0
-3716 -3717 0
3707 3716 3717 0
-1975 -3718 0
-1977 -3718 0
1975 1977 3718 0
2491 -3719 0
2705 -3719 0
3719 -2491 -2705 0
2493 -3720 0
2704 -3720 0
3720 -2493 -2704 0
-3719 -3721 0
-3720 -3721 0
3719 3720 3721 0
-1976 -3722 0
3721 -3722 0
1976 3722 -3721 0
-3718 -3723 0
-3722 -3723 0
3718 3722 3723 0
-2519 -3724 0
-3723 -3724 0
2519 3723 3724 0
1974 -3725 0
1976 -3725 0
3725 -1974 -1976 0
-2490 -3726 0
-2704 -3726 0
2490 2704 3726 0
-2492 -3727 0
-2705 -3727 0
2492 2705 3727 0
-3726 -3728 0
-3727 -3728 0
3726 3727 3728 0
1977 -3729 0
3728 -3729 0
3729 -1977 -3728 0
-3725 -3730 0
-3729 -3730 0
3725 3729 3730 0
-2518 -3731 0
3730 -3731 0
2518 3731 -3730 0
-3724 -3732 0
-3731 -3732 0
3724 3731 3732 0
-1973 -3733 0
-1977 -3733 0
1973 1977 3733 0
2503 -3734 0
2705 -3734 0
3734 -2503 -2705 0
2505 -3735 0
2704 -3735 0
3735 -2505 -2704 0
-3734 -3736 0
-3735 -3736 0
3734 3735 3736 0
-1976 -3737 0
3736 -3737 0
1976 3737 -3736 0
-3733 -3738 0
-3737 -3738 0
3733 3737 3738 0
-2517 -3739 0
-3738 -3739 0
2517 3738 3739 0
1972 -3740 0
1976 -3740 0
3740 -1972 -1976 0
-2502 -3741 0
-2704 -3741 0
2502 2704 3741 0
-2504 -3742 0
-2705 -3742 0
2504 2705 3742 0
-3741 -3743 0
-3742 -3743 0
3741 3742 3743 0
1977 -3744 0
3743 -3744 0
3744 -1977 -3743 0
-3740 -3745 0
-3744 -3745 0
3740 3744 3745 0
-2516 -3746 0
3745 -3746 0
2516 3746 -3745 0
-3739 -3747 0
-3746 -3747 0
3739 3746 3747 0
1971 -3748 0
3626 -3748 0
3748 -1971 -3626 0
-3748 -3749 0
3631 -3749 0
3748 3749 -3631 0
2759 -3750 0
3643 -3750 0
3750 -2759 -3643 0
1971 -3751 0
2474 -3751 0
3751 -1971 -2474 0
2476 -3752 0
3751 -3752 0
3752 -2476 -3751 0
-3752 -3753 0
3654 -3753 0
3752 3753 -3654 0
2689 -3754 0
2694 -3754 0
3754 -2689 -2694 0
2695 -3755 0
3752 -3755 0
3755 -2695 -3752 0
-3754 -3756 0
-3755 -3756 0
3754 3755 3756 0
3756 -3757 0
-3664 -3757 0
3664 3757 -3756 0
-3753 -3758 0
-3757 -3758 0
3753 3757 3758 0
-3648 -3759 0
3758 -3759 0
3648 3759 -3758 0
-3750 -3760 0
-3759 -3760 0
3750 3759 3760 0
-3636 -3761 0
3760 -3761 0
3636 3761 -3760 0
-3749 -3762 0
-3761 -3762 0
3749 3761 3762 0
2473 -3763 0
3762 -3763 0
3763 -2473 -3762 0
-2515 -3764 0
-3763 -3764 0
2515 3763 3764 0
-1970 -3765 0
3675 -3765 0
1970 3765 -3675 0
-3765 -3766 0
3636 -3766 0
3765 3766 -3636 0
-2758 -3767 0
3648 -3767 0
2758 3767 -3648 0
-1970 -3768 0
-2475 -3768 0
1970 2475 3768 0
-2477 -3769 0
3768 -3769 0
2477 3769 -3768 0
-3769 -3770 0
3664 -3770 0
3769 3770 -3664 0
-2688 -3771 0
-2695 -3771 0
2688 2695 3771 0
-2694 -3772 0
3769 -3772 0
2694 3772 -3769 0
-3771 -3773 0
-3772 -3773 0
3771 3772 3773 0
3773 -3774 0
-3654 -3774 0
3654 3774 -3773 0
-3770 -3775 0
-3774 -3775 0
3770 3774 3775 0
-3643 -3776 0
3775 -3776 0
3643 3776 -3775 0
-3767 -3777 0
-3776 -3777 0
3767 3776 3777 0
-3631 -3778 0
3777 -3778 0
3631 3778 -3777 0
-3766 -3779 0
-3778 -3779 0
3766 3778 3779 0
-2472 -3780 0
3779 -3780 0
2472 3780 -3779 0
-2514 -3781 0
3780 -3781 0
2514 3781 -3780 0
-3764 -3782 0
-3781 -3782 0
3764 3781 3782 0
-1969 -3783 0
-1977 -3783 0
1969 1977 3783 0
2495 -3784 0
2705 -3784 0
3784 -2495 -2705 0
2497 -3785 0
2704 -3785 0
3785 -2497 -2704 0
-3784 -3786 0
-3785 -3786 0
3784 3785 3786 0
-1976 -3787 0
3786 -3787 0
1976 3787 -3786 0
-3783 -3788 0
-3787 -3788 0
3783 3787 3788 0
-2513 -3789 0
-3788 -3789 0
2513 3788 3789 0
1968 -3790 0
1976 -3790 0
3790 -1968 -1976 0
-2494 -3791 0
-2704 -3791 0
2494 2704 3791 0
-2496 -3792 0
-2705 -3792 0
2496 2705 3792 0
-3791 -3793 0
-3792 -3793 0
3791 3792 3793 0
1977 -3794 0
3793 -3794 0
3794 -1977 -3793 0
-3790 -3795 0
-3794 -3795 0
3790 3794 3795 0
-2512 -3796 0
3795 -3796 0
2512 3796 -3795 0
-3789 -3797 0
-3796 -3797 0
3789 3796 3797 0
2751 -3798 0
3638 -3798 0
3798 -2751 -3638 0
3798 -3799 0
3643 -3799 0
3799 -3798 -3643 0
-2475 -3800 0
-1967 -3800 0
2475 1967 3800 0
2476 -3801 0
-3800 -3801 0
3800 3801 -2476 0
-3801 -3802 0
3654 -3802 0
3801 3802 -3654 0
2693 -3803 0
2694 -3803 0
3803 -2693 -2694 0
2695 -3804 0
3801 -3804 0
3804 -2695 -3801 0
-3803 -3805 0
-3804 -3805 0
3803 3804 3805 0
3805 -3806 0
-3664 -3806 0
3664 3806 -3805 0
-3802 -3807 0
-3806 -3807 0
3802 3806 3807 0
-3648 -3808 0
3807 -3808 0
3648 3808 -3807 0
-3799 -3809 0
-3808 -3809 0
3799 3808 3809 0
-3631 -3810 0
-3809 -3810 0
3631 3809 3810 0
2473 -3811 0
3810 -3811 0
3811 -2473 -3810 0
-2511 -3812 0
-3811 -3812 0
2511 3811 3812 0
-2750 -3813 0
3679 -3813 0
2750 3813 -3679 0
3813 -3814 0
3648 -3814 0
3814 -3813 -3648 0
2474 -3815 0
1966 -3815 0
3815 -2474 -1966 0
-2477 -3816 0
-3815 -3816 0
2477 3815 3816 0
-3816 -3817 0
3664 -3817 0
3816 3817 -3664 0
-2692 -3818 0
-2695 -3818 0
2692 2695 3818 0
-2694 -3819 0
3816 -3819 0
2694 3819 -3816 0
-3818 -3820 0
-3819 -3820 0
3818 3819 3820 0
3820 -3821 0
-3654 -3821 0
3654 3821 -3820 0
-3817 -3822 0
-3821 -3822 0
3817 3821 3822 0
-3643 -3823 0
3822 -3823 0
3643 3823 -3822 0
-3814 -3824 0
-3823 -3824 0
3814 3823 3824 0
-3636 -3825 0
-3824 -3825 0
3636 3824 3825 0
-2472 -3826 0
3825 -3826 0
2472 3826 -3825 0
-2510 -3827 0
3826 -3827 0
2510 3827 -3826 0
-3812 -3828 0
-3827 -3828 0
3812 3827 3828 0
1965 -3829 0
1976 -3829 0
3829 -1965 -1976 0
2479 -3830 0
2480 -3830 0
3830 -2479 -2480 0
1977 -3831 0
3830 -3831 0
3831 -1977 -3830 0
-3829 -3832 0
-3831 -3832 0
3829 3831 3832 0
2473 -3833 0
-3832 -3833 0
3832 3833 -2473 0
-2509 -3834 0
-3833 -3834 0
2509 3833 3834 0
-1964 -3835 0
-1977 -3835 0
1964 1977 3835 0
-2478 -3836 0
-2481 -3836 0
2478 2481 3836 0
-1976 -3837 0
3836 -3837 0
1976 3837 -3836 0
-3835 -3838 0
-3837 -3838 0
3835 3837 3838 0
-2472 -3839 0
-3838 -3839 0
2472 3838 3839 0
-2508 -3840 0
3839 -3840 0
2508 3840 -3839 0
-3834 -3841 0
-3840 -3841 0
3834 3840 3841 0
3675 -3842 0
3631 -3842 0
3842 -3675 -3631 0
2757 -3843 0
3643 -3843 0
3843 -2757 -3643 0
1963 -3844 0
2474 -3844 0
3844 -1963 -2474 0
2476 -3845 0
3844 -3845 0
3845 -2476 -3844 0
-3845 -3846 0
3654 -3846 0
3845 3846 -3654 0
2687 -3847 0
2694 -3847 0
3847 -2687 -2694 0
2695 -3848 0
3845 -3848 0
3848 -2695 -3845 0
-3847 -3849 0
-3848 -3849 0
3847 3848 3849 0
3849 -3850 0
-3664 -3850 0
3664 3850 -3849 0
-3846 -3851 0
-3850 -3851 0
3846 3850 3851 0
-3648 -3852 0
3851 -3852 0
3648 3852 -3851 0
-3843 -3853 0
-3852 -3853 0
3843 3852 3853 0
-3636 -3854 0
3853 -3854 0
3636 3854 -3853 0
-3842 -3855 0
-3854 -3855 0
3842 3854 3855 0
2473 -3856 0
3855 -3856 0
3856 -2473 -3855 0
-2507 -3857 0
-3856 -3857 0
2507 3856 3857 0
3626 -3858 0
3636 -3858 0
3858 -3626 -3636 0
-2756 -3859 0
3648 -3859 0
2756 3859 -3648 0
-1962 -3860 0
-2475 -3860 0
1962 2475 3860 0
-2477 -3861 0
3860 -3861 0
2477 3861 -3860 0
-3861 -3862 0
3664 -3862 0
3861 3862 -3664 0
-2686 -3863 0
-2695 -3863 0
2686 2695 3863 0
-2694 -3864 0
3861 -3864 0
2694 3864 -3861 0
-3863 -3865 0
-3864 -3865 0
3863 3864 3865 0
3865 -3866 0
-3654 -3866 0
3654 3866 -3865 0
-3862 -3867 0
-3866 -3867 0
3862 3866 3867 0
-3643 -3868 0
3867 -3868 0
3643 3868 -3867 0
-3859 -3869 0
-3868 -3869 0
3859 3868 3869 0
-3631 -3870 0
3869 -3870 0
3631 3870 -3869 0
-3858 -3871 0
-3870 -3871 0
3858 3870 3871 0
-2472 -3872 0
3871 -3872 0
2472 3872 -3871 0
-2506 -3873 0
3872 -3873 0
2506 3873 -3872 0
-3857 -3874 0
-3873 -3874 0
3857 3873 3874 0
-3841 -3875 0
-3874 -3875 0
3841 3874 3875 0
-3828 -3876 0
3875 -3876 0
3828 3876 -3875 0
-3797 -3877 0
3876 -3877 0
3797 3877 -3876 0
-3782 -3878 0
3877 -3878 0
3782 3878 -3877 0
-3747 -3879 0
3878 -3879 0
3747 3879 -3878 0
-3732 -3880 0
3879 -3880 0
3732 3880 -3879 0
3717 -3881 0
3880 -3881 0
3881 -3717 -3880 0
-3698 -3882 0
3881 -3882 0
3698 3882 -3881 0
-3623 -3883 0
3882 -3883 0
3623 3883 -3882 0
-1437 -3884 0
-1433 -3884 0
1437 1433 3884 0
1955 -3885 0
2161 -3885 0
3885 -1955 -2161 0
1957 -3886 0
2160 -3886 0
3886 -1957 -2160 0
-3885 -3887 0
-3886 -3887 0
3885 3886 3887 0
-1432 -3888 0
3887 -3888 0
1432 3888 -3887 0
-3884 -3889 0
-3888 -3889 0
3884 3888 3889 0
-1981 -3890 0
-3889 -3890 0
1981 3889 3890 0
1436 -3891 0
1432 -3891 0
3891 -1436 -1432 0
-1954 -3892 0
-2160 -3892 0
1954 2160 3892 0
-1956 -3893 0
-2161 -3893 0
1956 2161 3893 0
-3892 -3894 0
-3893 -3894 0
3892 3893 3894 0
1433 -3895 0
3894 -3895 0
3895 -1433 -3894 0
-3891 -3896 0
-3895 -3896 0
3891 3895 3896 0
-1980 -3897 0
3896 -3897 0
1980 3897 -3896 0
-3890 -3898 0
-3897 -3898 0
3890 3897 3898 0
1934 -3899 0
1936 -3899 0
3899 -1934 -1936 0
-1432 -3900 0
-3899 -3900 0
1432 3899 3900 0
1418 -3901 0
-3900 -3901 0
3900 3901 -1418 0
1435 -3902 0
3901 -3902 0
3902 -1435 -3901 0
-1432 -3903 0
-1419 -3903 0
1432 1419 3903 0
-1427 -3904 0
3903 -3904 0
1427 3904 -3903 0
-1435 -3905 0
3904 -3905 0
1435 3905 -3904 0
-1423 -3906 0
3905 -3906 0
1423 3906 -3905 0
-3902 -3907 0
3906 -3907 0
3902 3907 -3906 0
1433 -3908 0
1418 -3908 0
3908 -1433 -1418 0
1426 -3909 0
3908 -3909 0
3909 -1426 -3908 0
1434 -3910 0
3909 -3910 0
3910 -1434 -3909 0
1422 -3911 0
3910 -3911 0
3911 -1422 -3910 0
-1930 -3912 0
-1424 -3912 0
1930 1424 3912 0
1932 -3913 0
-3912 -3913 0
3912 3913 -1932 0
2205 -3914 0
3913 -3914 0
3914 -2205 -3913 0
1432 -3915 0
1419 -3915 0
3915 -1432 -1419 0
1426 -3916 0
3915 -3916 0
3916 -1426 -3915 0
1434 -3917 0
3916 -3917 0
3917 -1434 -3916 0
1422 -3918 0
3917 -3918 0
3918 -1422 -3917 0
3914 -3919 0
3918 -3919 0
3919 -3914 -3918 0
-1433 -3920 0
-1418 -3920 0
1433 1418 3920 0
-1427 -3921 0
3920 -3921 0
1427 3921 -3920 0
-1435 -3922 0
3921 -3922 0
1435 3922 -3921 0
-1423 -3923 0
3922 -3923 0
1423 3923 -3922 0
-1931 -3924 0
-1435 -3924 0
1931 1435 3924 0
1932 -3925 0
-3924 -3925 0
3924 3925 -1932 0
-1433 -3926 0
-1419 -3926 0
1433 1419 3926 0
-1426 -3927 0
3926 -3927 0
1426 3927 -3926 0
-1435 -3928 0
3927 -3928 0
1435 3928 -3927 0
-1423 -3929 0
3928 -3929 0
1423 3929 -3928 0
-3925 -3930 0
3929 -3930 0
3925 3930 -3929 0
2147 -3931 0
2150 -3931 0
3931 -2147 -2150 0
1435 -3932 0
1930 -3932 0
3932 -1435 -1930 0
1932 -3933 0
3932 -3933 0
3933 -1932 -3932 0
2151 -3934 0
3933 -3934 0
3934 -2151 -3933 0
-3931 -3935 0
-3934 -3935 0
3931 3934 3935 0
1432 -3936 0
1418 -3936 0
3936 -1432 -1418 0
1427 -3937 0
3936 -3937 0
3937 -1427 -3936 0
1434 -3938 0
3937 -3938 0
3938 -1434 -3937 0
1422 -3939 0
3938 -3939 0
3939 -1422 -3938 0
3935 -3940 0
-3939 -3940 0
3939 3940 -3935 0
-3930 -3941 0
-3940 -3941 0
3930 3940 3941 0
-3923 -3942 0
3941 -3942 0
3923 3942 -3941 0